463
14
331
321
322
323
324
325
326
327
328
329
330
332
387
333
334
338
337
339
340
346
347
376
377
378
379
380
381
382
383
384
386
353
352
20
21
22
23
24
25
26
27
28
29
60
32
30
31
35
33
34
38
36
37
41
39
40
44
42
43
47
45
46
50
48
49
53
51
52
56
54
55
59
57
58
61
357
62
63
66
64
65
1
359
358
345
344
341
342
343
367
365
366
173
171
170
169
168
172
185
174
175
176
177
178
179
180
181
182
183
184
368
369
372
371
370
362
393
390
391
392
394
399
397
396
395
398
361
312
316
313
314
315
317
144
142
141
140
143
4
3
2
145
375
374
373
146
148
147
151
150
164
163
152
153
154
155
156
157
158
159
160
161
162
385
123
122
124
137
136
125
126
127
128
129
130
131
132
133
134
135
351
350
349
97
98
99
85
93
86
87
88
89
72
91
90
7
10
8
9
74
75
76
77
80
79
78
83
82
81
84
92
73
96
94
95
100
408
409
410
451
421
411
412
413
414
415
416
417
418
419
420
425
423
422
424
426
448
428
427
430
429
445
444
447
446
461
452
454
453
456
455
457
458
459
460
462
336
335
